Solar_System 0
Sun 132712440041.93938 -5.683718842782438e+05 1.112952208755958e+06 3.459173372169666e+03 -1.446153155910682e-02 -3.447513466324272e-03 3.988450015258638e-04
Mercury 22031.86855  -1.004313454665499e+07 -6.782852744259514e+07 -4.760875668975301e+06 3.847265152100766e+01 -4.158689617302953e+00 -3.869763814829368e+00
Venus 324858.592 1.076208530906284e+08 8.974077731382189e+06 -6.131962732360962e+06 -2.693485036366443e+00 3.476650461674002e+01 6.320912270841283e-01
Earth 398600.435436 -2.545334341413143e+07 1.460912993606863e+08 -2.712536257669330e+03 -2.986338200299215e+01 -5.165822218319680e+00 1.135505005904092e-03
Moon 4902.800066 -2.506315777479142e+07 1.459929586003423e+08 -3.716219740019739e+04 -2.961465428524157e+01 -4.230085019953783e+00 -3.390578500359931e-02
Mars 42828.375214 -1.980535522170065e+08 -1.313944334060654e+08 2.072245594990239e+06 1.439273929359666e+01 -1.805004074289640e+01 -7.312485979614864e-01
Jupiter 126686531.900  7.814210740177372e+07 -7.769489405106664e+08 1.474081608655989e+06 1.283931035365873e+01 1.930357075733133e+00 -2.952599466798547e-01
Saturn 37931206.159 5.674914809473343e+08 -1.388366463018738e+09 1.549265783457875e+06 8.406493531200095e+00 3.627774839464044e+00 -3.983651341797232e-01
Uranus 5793951.322 2.426731459899521e+09 1.703392613401985e+09 -2.511227721326840e+07 -3.962351347974149e+00 5.256523406167958e+00 7.095188593718249e-02
Neptune 6835099.97 4.374094274092627e+09 -9.514049067452443e+08 -8.121317847594911e+07 1.118822475282821e+00 5.342644351122827e+00 -1.362606030178901e-01
Pluto 869.96 1.940720066306828e+09 -4.691797089891115e+09 -5.932098181576967e+07 5.139398334119658e+00 9.274919708776053e-01 -1.564695383297895e+00